92 12 7.666666666666667 0.13043478260869565
352 46 7.6521739130434785 0.13068181818181818
724 92 7.869565217391305 0.1270718232044199
2680 341 7.859237536656892 0.12723880597014925
14200 1787 7.9462786793508675 0.1258450704225352
73712 9233 7.983537311816311 0.12525775993054047
365596 45752 7.990820073439412 0.1251436011334916
2279184 285053 7.995649931767075 0.1250680067954145
14772512 1846955 7.998306401617798 0.12502646807800866
95815104 11977939 7.999298042843598 0.12501096904304357
666090624 83263591 7.99978257003112 0.1250033974356018
4968057848 621012754 7.999928851702778 0.12500111170203104
39029188884 4878666808 7.999970159880613 0.12500046625360456
314666222712 39333324973 7.999990413421691 0.12500014979046556
2691008701644 336376244042 7.999996281865851 0.12500005809587308
24233937684440 3029242658210 7.999998817777113 0.12500001847223532
227514171973736 28439272956934 7.999999589239288 0.12500000641813644
2207893435808350 275986683743434 7.999999876301561 0.12500000193278815
22317699616364000 2789712466510280 7.999999958519654 0.1250000006481304
